student_id,,,,,,
12240269,,,,,,
12240427,,,,,,
12240476,,,,,,
12240804,,,,,,
12240769,,,,,,
12245049,,,,,,
12240050,,,,,,
12241422,,,,,,
12240002,,,,,,
12240033,,,,,,
12240268,,,,,,
12240079,,,,,,
12240053,,,,,,
12240381,,,,,,
12240031,,,,,,
12240203,,,,,,
12341034,,,,,,
12241109,,,,,,
12240353,,,,,,
12240214,,,,,,
12240038,,,,,,
12240892,,,,,,
12240775,,,,,,
12240075,,,,,,
12240009,,,,,,
12240173,,,,,,
12217781,,,,,,
12240558,,,,,,
12240837,,,,,,
12240130,,,,,,
12240169,,,,,,
12241041,,,,,,
12217402,,,,,,
12240408,,,,,,
12241474,,,,,,
12218077,,,,,,
12240068,,,,,,
12240801,,,,,,
12240857,,,,,,
12240428,,,,,,
12217133,,,,,,
12240132,,,,,,
12217758,,,,,,
12240572,,,,,,
12240125,,,,,,
12240189,,,,,,
12240008,,,,,,
12240483,,,,,,
12240540,,,,,,
12240073,,,,,,
12241310,,,,,,
12218419,,,,,,
12240448,,,,,,
12240280,,,,,,
12240078,,,,,,
12240107,,,,,,
12240593,,,,,,
12240596,,,,,,
12240436,,,,,,
12220661,,,,,,
,,,,,,
